3.85 110
1.23 45
2.77 88
0.59 15
3.99 125
2.45 72
1.88 50
3.10 95
4.00 130
0.25 5
2.15 63
3.50 105
1.75 48
2.95 90
3.33 101
0.95 28
2.65 80
3.75 115
1.55 40
2.35 68
3.05 92
0.85 25
3.65 111
1.45 38
2.55 75
3.25 98
1.05 30
2.85 85
3.45 103
1.65 42
2.25 65
3.15 96
1.15 33
2.05 60
3.95 128
0.75 22
2.75 82
3.55 108
1.35 35
2.45 70
3.35 100
1.95 55
2.65 78
3.70 113
0.50 12
2.90 88
3.80 118
1.20 32
2.50 73
3.60 109
1.80 52
2.20 64
3.20 97
0.60 18
2.80 84
3.90 123
1.40 36
2.10 61
3.40 102
1.70 47
2.70 81
3.30 99
1.00 29
2.30 67
3.00 91
0.80 24
3.50 106
1.60 44
2.60 77
3.10 94
1.90 54
2.40 69
3.88 120
0.35 8
2.00 58
3.78 117
1.10 31
2.88 87
3.68 112
1.28 34
2.98 91
3.58 107
0.78 23
2.18 62
3.28 98
1.58 43
2.78 83
3.48 104
1.88 53
2.58 76
3.08 93
0.98 27
2.28 66
3.98 129
0.68 20
2.38 69
3.18 96
1.38 37
2.68 79
3.73 114
1.78 49
2.08 59
3.63 110
0.45 10
2.93 89
3.83 119
1.18 32
2.48 71
3.53 106
1.68 46
2.83 86
3.23 97
0.88 26
2.13 61
3.77 116
1.48 39
2.73 81
3.38 101
1.98 57
2.53 74
3.03 92
0.55 14
2.23 63
3.93 126
1.25 33
2.63 78
3.43 103
1.53 41
2.83 85
3.13 95
0.93 28
2.33 67
3.67 111
1.03 30
2.03 59
3.87 122
0.73 21
2.97 90
3.37 100
1.83 51
2.43 70
3.72 113
1.33 36
2.17 62
3.27 98
0.63 19
2.57 75
3.97 128
1.17 32
2.87 87
3.47 104
1.47 38
2.27 65
3.07 93
0.87 25
2.77 82
3.57 108
1.77 48
2.37 68
3.92 124
0.40 9
2.62 77
3.82 118
1.22 33
2.92 89
3.22 96
1.52 40
2.02 58
3.72 114
0.52 13
2.42 70
3.32 99
1.82 50
2.12 60
3.62 110
0.92 27
2.52 73
3.12 94
1.62 44
2.72 80
3.02 91
1.12 31
2.82 86
3.99 129
0.22 4
2.32 66
3.42 102
1.72 47
2.99 90
3.52 107
0.72 22
2.22 64
3.89 121
1.02 29
2.69 79
3.19 95
1.32 35
2.09 59
3.79 117
0.82 24
2.49 72
3.39 101
1.92 56
2.59 76
3.69 112
0.62 18
2.89 88
3.09 93
1.29 34
2.19 63
3.29 98
0.32 7
2.79 83
3.49 105
1.59 42
2.39 68
3.59 109
1.09 30
2.69 80
3.81 119
0.99 28
2.29 65
3.11 94
1.49 39
2.91 89
3.71 113
0.51 12
2.01 58
3.31 99
1.69 46
2.41 70
3.91 125
1.21 33
2.71 81
3.21 96
0.71 21
2.31 66
3.61 110
1.91 55
2.51 73
3.01 91
0.81 24
2.11 61
3.41 103
1.31 36
2.81 84
3.51 106
1.81 50
2.61 77
3.96 128
0.31 6
2.21 62
3.76 116
1.01 29
2.96 90
3.16 95
1.41 38
2.06 59
3.86 121
0.41 9
2.36 67
3.36 100
1.71 48
2.56 75
3.66 111
0.91 26
2.16 61
3.26 97
1.26 34
2.46 71
3.76 115
0.61 17
2.76 82
3.46 104
1.51 41
2.86 86
3.06 92
0.86 25
2.94 89
3.94 127
0.26 5
2.26 64
3.54 107
1.61 43
2.14 60
3.64 110
1.14 32
2.64 78
3.14 94
0.74 22
2.34 66
3.84 120
1.44 38
2.04 58
3.74 114
0.34 7
2.54 74
3.44 103
1.84 52
2.74 81
3.34 99
0.94 27
2.24 63
3.54 108
1.04 30
2.84 85
3.24 96
0.44 11
2.44 70
3.14 93
1.34 36
2.64 79
3.04 91
1.74 49
2.94 88
3.64 112
0.24 4
2.14 61
3.84 122
1.54 41
2.34 68
3.44 101
0.84 24
2.04 59
3.94 126
1.14 31
2.54 73
3.74 116
0.64 19
2.84 87
3.34 100
1.24 33
2.74 82
3.14 94
1.94 57
2.44 71
3.54 106
0.74 21
2.24 65
3.04 92
1.44 37
2.64 78
3.84 118
0.54 15
2.94 89
3.24 97
1.64 45
2.14 62
3.64 109
1.04 29
2.34 67
3.74 115
0.44 10
2.04 58
3.44 102
1.74 48
2.54 74
3.94 124
1.34 35
2.84 86
3.14 93
0.84 23
2.64 79
3.54 107
1.54 43
2.24 64
3.34 98
0.94 28
2.44 69
3.84 119
1.84 53
2.74 83
3.04 90
0.64 18
2.94 88
3.44 104
1.14 32
2.04 60
3.24 95
1.44 39
2.54 75
3.74 113
0.34 8
2.34 66
3.64 111
1.64 47
2.84 85
3.14 92
0.74 22
2.14 61
3.54 105
1.94 56
2.44 71
3.34 99
0.24 5
2.64 77
3.04 90
1.24 34
2.94 87
3.84 123
0.44 12
2.74 84
3.24 96
1.74 49
2.24 63
3.94 125
1.34 37
2.04 59
3.44 101
0.84 26
2.54 72
3.14 93
1.04 31
2.34 68
3.64 108
0.54 14
2.84 86
3.74 117
1.44 40
2.14 60
3.54 104
0.94 28
2.64 78
3.24 95
1.64 46
2.04 58
3.84 119
1.14 33
2.44 70
3.04 91
0.74 20
2.94 88
3.34 100
1.84 54
2.74 83
3.44 102
0.64 17
2.24 64
3.94 127
1.54 42
2.34 67
3.14 94
1.24 35
2.54 76
3.64 107
0.34 9
2.04 59
3.74 114
1.94 55
2.84 84
3.24 96
0.54 16
2.44 69
3.84 120
1.04 30
2.14 62
3.34 98
1.74 51
2.64 79
3.54 103
0.84 25
2.94 87
3.04 91
1.34 38
2.24 65
3.44 101
0.44 13
2.74 82
3.94 123
1.64 44
2.04 58
3.64 112
1.14 32
2.54 73
3.14 92
0.24 6
2.84 85
3.74 116
1.44 39
2.34 68
3.24 97
0.64 19
2.44 70
3.54 105
1.84 52
2.14 63
3.84 118
0.94 29
2.04 59
3.34 99
1.54 41
2.64 78
3.04 90
0.74 23
2.24 66
3.74 113
1.04 30
2.94 89
3.44 103
0.34 8